COMBO:

OPN: 00:00:00.0000076
ADJ: 00:00:00.0036351
FUL: 00:00:00.0275460

DIAG 11:

OPN: 00:00:00.0000071
ADJ: 00:00:00.0009533
FUL: 00:00:00.0379818

DIAG 8:

OPN: 00:00:00.0000071
ADJ: 00:00:00.0010001
FUL: 00:00:00.0363368

MANHATTAN:

OPN: 00:00:00.0000088
ADJ: 00:00:00.0037695
FUL: 00:00:00.0838964

